tests/input/validation_ifu_sigma_noise.ecsv
# %ECSV 1.0
# ---
# datatype:
# - {name: wavelength, datatype: float64}
# - {name: fluxlim, unit: erg / (cm2 s), datatype: float64}
# - {name: redshift, datatype: float64}
# - {name: I_fiber_noise, unit: erg / (Angstrom arcsec2 cm2 s), datatype: float64}
# - {name: I_ifu_noise, unit: erg / (Angstrom arcsec2 cm2 s), datatype: float64}
# - {name: sigma_noise, unit: erg / (Angstrom arcsec2 cm2 s), datatype: float64}
# schema: astropy-2.0
wavelength fluxlim redshift I_fiber_noise I_ifu_noise sigma_noise
[from data line 127]
3746.7172778053605 6.041235847246208e-17 2.0811819718794085 1.2209429174262711e-18 3.3303948442417295e-20 1.1101316147472432e-21
3745.5653015238504 6.824613317981191e-17 2.0802346229636925 1.3792646911079209e-18 3.762252887132103e-20 1.254084295710701e-21
3746.2132881822 6.684933793897523e-17 2.0807675067287827 1.3510352476709187e-18 3.6852507672651166e-20 1.2284169224217056e-21
3747.4372629813042 5.891462930979336e-17 2.0817740649517305 1.1906735841371776e-18 3.247828468626778e-20 1.0826094895422594e-21
3752.0451681073437 5.729909457266968e-17 2.085563460614592 1.1580233823403649e-18 3.15876774172828e-20 1.0529225805760934e-21
3755.1231047345036 5.58312607944732e-17 2.0880946584987696 1.1283582393007177e-18 3.077849430132521e-20 1.0259498100441736e-21
3756.5810747157893 5.4475978698906135e-17 2.0892936469702215 1.1009677828190108e-18 3.003135834807035e-20 1.0010452782690116e-21
3758.0390446970755 5.305476396085201e-17 2.0904926354416737 1.0722448176435992e-18 2.9247875240332824e-20 9.749291746777609e-22
3760.2529991131023 5.171250559713423e-17 2.0923133216390646 1.0451175727557105e-18 2.850791897191405e-20 9.502639657304684e-22
3766.982965810345 5.0271326849074286e-17 2.097847833725613 1.015991131913459e-18 2.771343016307911e-20 9.237810054359703e-22
3777.748638888535 5.000965265783917e-17 2.1067011832964924 1.0107026568639805e-18 2.756917517959625e-20 9.189725059865416e-22
3786.4265778621157 4.8844986284669276e-17 2.113837646268187 9.871645730109141e-19 2.6927121304769494e-20 8.975707101589831e-22
3796.8488170560704 4.7885854099843696e-17 2.1224085666579526 9.677803662434829e-19 2.6398373716683607e-20 8.799457905561202e-22
3803.884100775292 4.653432727149579e-17 2.1281941618217863 9.404658042812124e-19 2.565330795616774e-20 8.551102652055913e-22
3815.856425700985 4.8199819064067745e-17 2.138039823767257 9.74125645737315e-19 2.6571455404696326e-20 8.857151801565442e-22
3812.3079273338335 4.648347725964303e-17 2.1351216507679553 9.394381178377016e-19 2.5625275510226857e-20 8.541758503408953e-22
3826.285925249655 5.02217534336705e-17 2.1466167148434665 1.014989245677591e-18 2.7686101475498156e-20 9.228700491832719e-22
3830.3867551017806 5.4553632700057553e-17 2.149989107813964 1.102537181947152e-18 3.00741672189055e-20 1.0024722406301833e-21
3829.803567109266 5.2749076254775715e-17 2.1495095124253836 1.0660668227909686e-18 2.9079356615004094e-20 9.693118871668031e-22
3829.803567109266 5.156273268086738e-17 2.1495095124253836 1.0420906394268015e-18 2.842535259629911e-20 9.475117532099704e-22
3824.6196738424715 4.8358894645941255e-17 2.145246442304664 9.77340587347523e-19 2.6659150126622765e-20 8.886383375540922e-22
3830.1847357318247 5.699133055640216e-17 2.149822973463672 1.151803424944201e-18 3.141801416973922e-20 1.0472671389913074e-21
3831.0995404259647 5.591917098445594e-17 2.150575279955563 1.1301349175589907e-18 3.082695717396877e-20 1.0275652391322923e-21
3839.5233669845065 5.060060449050085e-17 2.1575027689017325 1.0226458829334817e-18 2.78949533790335e-20 9.298317793011166e-22
3838.4433892205907 5.461028593360198e-17 2.156614629293249 1.1036821523802612e-18 3.0105398847942454e-20 1.0035132949314152e-21
3838.875380326157 5.300836691613891e-17 2.1569698851366423 1.0713071263406217e-18 2.9222297613104276e-20 9.740765871034759e-22
3837.5794070094585 5.199251583189405e-17 2.1559041176064624 1.050776622022802e-18 2.866228219588983e-20 9.55409406529661e-22
3844.059273592952 4.896449817693338e-17 2.161232955257362 9.895799264600694e-19 2.6993005471500604e-20 8.997668490500202e-22
3845.643240980028 4.753839953943578e-17 2.1625355600164706 9.607582569369761e-19 2.6206829981949553e-20 8.735609993983185e-22
3848.654088079429 4.612650860941013e-17 2.165011585591636 9.322237273344116e-19 2.542848687585604e-20 8.476162291952012e-22
3852.4831001514935 4.4681318364997085e-17 2.1681604442035307 9.030162135431073e-19 2.4631786621033906e-20 8.210595540344635e-22
3854.103066797367 4.323080023028206e-17 2.1694926536162558 8.73701022281605e-19 2.3832149222415202e-20 7.944049740805067e-22
3859.610953393337 4.191214738054113e-17 2.17402216561952 8.470508484075118e-19 2.3105206132761828e-20 7.701735377587276e-22
3868.2115035859733 4.035640341236194e-17 2.181094986501623 8.15609027109592e-19 2.2247560144160687e-20 7.415853381386896e-22
3878.402566485468 3.917227979274609e-17 2.1894757948071284 7.916777093580072e-19 2.1594779935370936e-20 7.1982599784569785e-22
3884.7328976862655 3.7683441831628334e-17 2.194681659281468 7.615880685993088e-19 2.0774017694830678e-20 6.924672564943559e-22
3891.4342981700493 3.731477003774066e-17 2.200192679416159 7.54137155789686e-19 2.057077738562465e-20 6.856925795208216e-22
3897.1941795775992 3.872393782383416e-17 2.204929423994736 7.826166502408153e-19 2.1347619284888783e-20 7.115873094962928e-22
3900.563710201016 4.024771445020147e-17 2.2077004195732037 8.134124067175453e-19 2.2187642410710463e-20 7.395880803570154e-22
3906.5745578698943 4.355313759355207e-17 2.2126435508798474 8.802155092286055e-19 2.4009846422108248e-20 8.003282140702749e-22
3905.2580135481685 4.1847028721294674e-17 2.211560866404744 8.457347904384209e-19 2.3069307708581418e-20 7.689769236193806e-22
3908.8579394278872 4.5973598157743204e-17 2.214521331766355 9.291333839397188e-19 2.534419084889422e-20 8.448063616298073e-22
3915.8561953380604 4.113853770869312e-17 2.220276476429326 8.314160797347105e-19 2.2678732853498517e-20 7.559577617832839e-22
3917.2817659864286 4.3576580310880805e-17 2.2214488207125234 8.806892900974785e-19 2.4022769854813203e-20 8.0075899516044005e-22
3918.7937348559108 4.191214738054113e-17 2.2226922161644005 8.470508484075118e-19 2.3105206132761828e-20 7.701735377587276e-22
3917.2817659864286 4.5428554979850287e-17 2.2214488207125234 9.18117978738427e-19 2.5043721038504157e-20 8.347907012834719e-22
3923.41858080962 3.890596362897487e-17 2.226495543428964 7.862954193402979e-19 2.1447965938833092e-20 7.149321979611031e-22
3929.5935124950665 4.02711571675302e-17 2.2315736122492322 8.138861875864183e-19 2.2200565843415418e-20 7.400188614471806e-22
3930.5360385435747 3.7066431150887084e-17 2.232348715907545 7.491181892621068e-19 2.0433873849772973e-20 6.811291283257657e-22
3939.8616087735254 3.9094513086222894e-17 2.240017770372965 7.90106032437227e-19 2.155190893264778e-20 7.1839696442159275e-22
3941.8671421414483 4.115370652578818e-17 2.241667057682112 8.31722643826334e-19 2.2687095074660545e-20 7.562365024886849e-22
3945.145192295451 3.9767138744962557e-17 2.2443628226113908 8.036998989056537e-19 2.1922712040259016e-20 7.307570680086339e-22
3937.369352395259 3.6813356361542855e-17 2.2379682174303115 7.440035094276847e-19 2.0294359519435456e-20 6.764786506478485e-22
3952.5970388664687 3.8586211859527886e-17 2.250490985909925 7.798331876361878e-19 2.127169411774721e-20 7.090564705915737e-22
3950.9770722205953 4.0446977547495656e-17 2.2491587764972003 8.174395441029639e-19 2.229749158870253e-20 7.432497196234177e-22
3958.7529121207876 3.6721259972037146e-17 2.255553381678279 7.421422274428275e-19 2.024358889095173e-20 6.747862963650577e-22
3964.399653000689 3.539423472325025e-17 2.260197083059777 7.153228461155658e-19 1.9512030289618026e-20 6.504010096539342e-22
3967.8247253376785 3.40755818735093e-17 2.2630137543895383 6.886726722414722e-19 1.8785087199964643e-20 6.261695733321548e-22
3976.752541519381 3.7532917546216305e-17 2.270355708486333 7.585459499861405e-19 2.0691037106629022e-20 6.897012368876341e-22
3976.5725452253946 3.616868163500284e-17 2.270207685218252 7.309745355336835e-19 1.9938965120049358e-20 6.646321706683119e-22
3979.766193755831 3.8194802204128605e-17 2.272834040917624 7.719227392005445e-19 2.1055918946691374e-20 7.018639648897125e-22
3991.0226477065853 3.694229130685084e-17 2.2820909931797577 7.466093042064847e-19 2.0365438399312666e-20 6.788479466437555e-22
4004.003980428851 3.729686240644787e-17 2.292766431273726 7.537752398481857e-19 2.056090531897503e-20 6.8536351063250105e-22
4007.999898155338 3.8608189407023574e-17 2.2960525478251137 7.802773572007561e-19 2.1283809835908104e-20 7.094603278636034e-22
4012.5358047637837 3.964246611189614e-17 2.2997827341807433 8.01180246103012e-19 2.1853982875419056e-20 7.284660958473019e-22
4025.4955379307708 3.900134331222411e-17 2.310440409482542 7.882230571891431e-19 2.1500546571897348e-20 7.166848857299116e-22
4031.90340599667 3.7562220942877185e-17 2.3157100378262085 7.591381760722309e-19 2.0707191397510195e-20 6.902397132503398e-22
4035.215337806011 3.6901266551525594e-17 2.318433665958891 7.457801876859578e-19 2.034282239207902e-20 6.780940797359673e-22
4045.6172289005663 3.99688694967124e-17 2.3269878527142813 8.077769079614799e-19 2.2033921579588442e-20 7.344640526529481e-22
4044.359149540496 3.8460858440478437e-17 2.325953247977382 7.772997760456875e-19 2.1202589651199914e-20 7.067529883733305e-22
4046.771099879908 4.1667952408366885e-17 2.327936759769661 8.421156310234203e-19 2.2970587042085277e-20 7.656862347361759e-22
4047.5270843146486 4.243960852043751e-17 2.3285584574955993 8.577109179571492e-19 2.339598336862318e-20 7.798661122874394e-22
4057.589935950192 3.782346168173657e-17 2.336833828906408 7.644178909835262e-19 2.085120742863399e-20 6.95040247621133e-22
4059.290534420068 3.9360497763606546e-17 2.3382323473849245 7.954816230648223e-19 2.1698540188338558e-20 7.232846729446186e-22
4055.3029242148414 4.1091652274035654e-17 2.3349530626766786 8.304685179969647e-19 2.2652885988088614e-20 7.550961996029538e-22
4072.906561766665 3.866923815006715e-17 2.3494297382949547 7.815111615467791e-19 2.1317464608577245e-20 7.105821536192415e-22
4085.1103104989115 3.805247142034704e-17 2.359465715870815 7.690462124966739e-19 2.097745524812561e-20 6.992485082708536e-22
4088.350243790658 3.672544617156012e-17 2.362130134696265 7.422268311694118e-19 2.0245896646791895e-20 6.748632215597299e-22
4093.7833626952797 3.507769363624288e-17 2.36659816011125 7.089255027899904e-19 1.933752844416523e-20 6.445842814721743e-22
4097.940446334229 3.353723661485315e-17 2.3700168144195963 6.777926330027153e-19 1.848830979891885e-20 6.16276993297295e-22
4107.141856882789 3.289202909928294e-17 2.377583763883873 6.647528913616943e-19 1.8132621685153098e-20 6.044207228384366e-22
4120.69973158056 3.3585474513971896e-17 2.388733331891908 6.787675282521269e-19 1.851490224698481e-20 6.17163408232827e-22
4133.061323216763 3.458097032501174e-17 2.39889911448747 6.988866494145734e-19 1.9063696268668734e-20 6.354565422889578e-22
4147.317029700449 3.3792890282192297e-17 2.410622557319448 6.829594323521243e-19 1.862924580558144e-20 6.20974860186048e-22
4150.094115379089 3.321322477177395e-17 2.4129063448841195 6.712443045650809e-19 1.8309689496889733e-20 6.103229832296577e-22
4160.34876138503 3.556633403697303e-17 2.421339441928479 7.1880099931959165e-19 1.9606904696380537e-20 6.535634898793513e-22
4167.255080726583 3.699819317125014e-17 2.427018980860677 7.477390893553356e-19 2.0396255815762944e-20 6.798751938587648e-22
4176.299705692075 3.5508023237556863e-17 2.4344569948125616 7.17622529229087e-19 1.957475928927352e-20 6.524919763091173e-22
4180.187625642171 3.3941623488773716e-17 2.437654297403101 6.859653529907707e-19 1.8711239013079224e-20 6.237079671026408e-22
4187.4922025181095 3.237877566685855e-17 2.443661350755024 6.543799617325866e-19 1.7849676832749308e-20 5.949892277583103e-22
4198.6375730417185 3.0995655344463594e-17 2.452826951514571 6.264268904690928e-19 1.7087194303157313e-20 5.695731434385771e-22
4213.4116688520835 3.077685664939548e-17 2.4649767013586215 6.220049356929472e-19 1.696657559791113e-20 5.65552519930371e-22
4226.556541064313 2.955030018916025e-17 2.4757866291647312 5.972160438037111e-19 1.629040313674148e-20 5.430134378913827e-22
4231.843289356242 2.91033071067613e-17 2.4801342840100675 5.881822458873077e-19 1.60439860964745e-20 5.3479953654915e-22
4245.227813777036 3.035488773747838e-17 2.4911412942245366 6.134768800532374e-19 1.6733953809222053e-20 5.577984603074018e-22
4260.066708253236 3.0244067619197124e-17 2.5033443324450957 6.112371886731116e-19 1.6672861218253203e-20 5.557620406084401e-22
4273.107439752517 2.9428900402993623e-17 2.5140686182175305 5.947625357327627e-19 1.6223478217376566e-20 5.407826072458855e-22
4288.578121220608 2.8949390275815114e-17 2.526791218109053 5.85071563414911e-19 1.5959135275684438e-20 5.319711758561479e-22
4303.886806024111 2.809925877950484e-17 2.539380597059302 5.678902770763853e-19 1.5490477268642744e-20 5.163492422880915e-22
4304.453794350167 2.7384988485895186e-17 2.539846870353756 5.534547662279185e-19 1.5096716428413842e-20 5.03223880947128e-22
4317.08953418798 3.02493955094991e-17 2.5502381037730095 6.113448661433098e-19 1.667579836204978e-20 5.558599454016593e-22
4317.607923514659 2.8854553828439795e-17 2.5506644107850813 5.8315490444538e-19 1.590685411610532e-20 5.302284705368439e-22
4325.837354075696 2.945820379965454e-17 2.557432034601723 5.953547618188539e-19 1.6239632508257757e-20 5.413210836085919e-22
4332.641213988364 2.8155534620819567e-17 2.563027314135168 5.690276203553559e-19 1.5521500849994126e-20 5.173833616664709e-22
4343.126816278017 2.7484220442769642e-17 2.5716503423338954 5.554602591103632e-19 1.515142073162514e-20 5.050473577208379e-22
4350.676842645755 2.897469775474953e-17 2.5778592455968377 5.85583031398353e-19 1.5973086708718185e-20 5.324362236239395e-22
4358.103277975268 3.0211473466761466e-17 2.583966511492819 6.1057845591425115e-19 1.6654892809144723e-20 5.551630936381575e-22
4359.568659568659 3.2163884091345184e-17 2.585171595040016 6.500369704345855e-19 1.7731212032953927e-20 5.910404010984642e-22
4360.165218714441 3.467839460481944e-17 2.585662186442797 7.008556088696292e-19 1.9117404040949046e-20 6.372468013649682e-22
4359.856653639037 3.312112838226824e-17 2.5854084322689452 6.693830225802237e-19 1.825891886840601e-20 6.086306289468669e-22
4359.856653639037 3.659846478602953e-17 2.5854084322689452 7.396605181296847e-19 2.01758947196401e-20 6.725298239880033e-22
4370.080443137438 2.95200665259387e-17 2.5938161538959195 5.966050168894906e-19 1.6273736011229157e-20 5.424578670409719e-22
4367.6324935392295 3.1909921320283987e-17 2.591803037450024 6.44904344355131e-19 1.7591208178650328e-20 5.86373605955011e-22
4367.6324935392295 3.464490500863555e-17 2.591803037450024 7.001787790569538e-19 1.909894199422769e-20 6.366313998075897e-22
4367.6324935392295 3.3355555555555515e-17 2.591803037450024 6.741208312689514e-19 1.8388153195455498e-20 6.129384398485166e-22
4385.078288187096 2.831537132987906e-17 2.606149908048599 5.722579444613064e-19 1.56096151638915e-20 5.203205054630499e-22
4391.392004345372 2.8178622145461483e-17 2.6113421088366544 5.694942227262153e-19 1.553422847311263e-20 5.17807615770421e-22
4401.626870538787 2.9618245427571796e-17 2.6197589395878187 5.985892273659656e-19 1.6327859789224222e-20 5.442619929741408e-22
4407.678069025219 3.135120322394931e-17 2.6247352541325815 6.336125669803301e-19 1.728319969918238e-20 5.761066566394127e-22
4419.4714262071775 3.2108829224891357e-17 2.6344337386572185 6.489243032425359e-19 1.7700861547055943e-20 5.900287182351981e-22
4432.829920394687 3.0970709888844577e-17 2.6454193424298413 6.259227390317028e-19 1.7073442445278977e-20 5.691147481759659e-22
4447.982839174549 3.00202962265138e-17 2.657880624321175 6.067147349247803e-19 1.6549501178796865e-20 5.516500392932288e-22
4454.570703534434 2.878910957589712e-17 2.6632982759329225 5.818322661864439e-19 1.5870776199804016e-20 5.290258733268005e-22
4464.992488956219 2.85644502014968e-17 2.671868823154785 5.772918661930797e-19 1.5746926636381584e-20 5.248975545460528e-22
4477.790225458619 2.8736274663735755e-17 2.6823932775153114 5.807644646069763e-19 1.5841649523821254e-20 5.280549841273751e-22
4492.045931942304 2.906660386245875e-17 2.69411672034729 5.874404677592748e-19 1.602375243920918e-20 5.341250813069727e-22
