tests/input/validation_ifu_sigma_noise.ecsv
# %ECSV 1.0
# ---
# datatype:
# - {name: wavelength, datatype: float64}
# - {name: fluxlim, unit: erg / (cm2 s), datatype: float64}
# - {name: redshift, datatype: float64}
# - {name: I_fiber_noise, unit: erg / (Angstrom arcsec2 cm2 s), datatype: float64}
# - {name: I_ifu_noise, unit: erg / (Angstrom arcsec2 cm2 s), datatype: float64}
# - {name: sigma_noise, unit: erg / (Angstrom arcsec2 cm2 s), datatype: float64}
# schema: astropy-2.0
wavelength fluxlim redshift I_fiber_noise I_ifu_noise sigma_noise
[from data line 254]
4520.557344909676 2.9098571204270663e-17 2.717563606011247 5.880865325804651e-19 1.6041375301988663e-20 5.347125100662887e-22
4534.813051393362 3.004693567802372e-17 2.7292870488432253 6.072531222757722e-19 1.6564186897779765e-20 5.521395632593255e-22
4549.0687578770485 2.998300099439993e-17 2.7410104916752043 6.059609926333922e-19 1.652894117222082e-20 5.50964705740694e-22
4563.324464360734 2.881086512796355e-17 2.7527339345071824 5.822719491897538e-19 1.5882769536973378e-20 5.294256512324459e-22
4577.58017084442 2.843791280682469e-17 2.764457377339161 5.747345262758686e-19 1.567716947121282e-20 5.22572315707094e-22
4591.835877328105 2.813422305961163e-17 2.776180820171139 5.685969104745625e-19 1.550975227480781e-20 5.169917424935936e-22
4606.091583811791 2.7260449050086316e-17 2.7879042630031172 5.509378053620319e-19 1.5028060692168802e-20 5.009353564056267e-22
4620.347290295476 2.7084628670120862e-17 2.799627705835096 5.473844488454861e-19 1.4931134946881683e-20 4.977044982293894e-22
4634.602996779163 2.6482577065996706e-17 2.811351148667075 5.352168947130716e-19 1.459923769786822e-20 4.866412565956073e-22
4649.398692144806 2.6185991172519626e-17 2.8235186613032943 5.2922284887203e-19 1.4435736693191977e-20 4.8119122310639925e-22
4662.295900283356 2.715865830379052e-17 2.834124917996181 5.488805989577157e-19 1.4971945787002572e-20 4.990648595667524e-22
4677.3701162302195 2.740962997854185e-17 2.8465214771630096 5.539527745275856e-19 1.5110300718473015e-20 5.036766906157672e-22
4691.625822713906 2.6892824619249435e-17 2.8582449199949886 5.43508059918345e-19 1.4825397770204822e-20 4.941799256734941e-22
4705.881529197592 2.6397330821165e-17 2.8699683628269668 5.334940551898985e-19 1.4552243397122966e-20 4.8507477990409885e-22
4720.137235681277 2.6418642382372914e-17 2.881691805658945 5.339247650706915e-19 1.4563991972309274e-20 4.854663990769758e-22
4734.911331491642 2.7002579159470328e-17 2.8938415555029953 5.457262158044318e-19 1.4885902932414374e-20 4.961967644138125e-22
4744.960109208813 2.7386679066471785e-17 2.9021053529677743 5.534889331175009e-19 1.5097648406733916e-20 5.032549468911306e-22
4751.947489818427 2.6024378500026144e-17 2.907851554126996 5.259566322760135e-19 1.4346643331362415e-20 4.782214443787472e-22
4765.496301765732 2.5038718794159166e-17 2.91899366921524 5.060363002893172e-19 1.380327172899524e-20 4.601090576331747e-22
4779.7520082494175 2.5321096980164308e-17 2.930717112047218 5.117432062098303e-19 1.3958940350213947e-20 4.652980116737983e-22
4794.007714733103 2.5310441199560325e-17 2.9424405548791968 5.115278512694333e-19 1.3953066062620778e-20 4.651022020873593e-22
4809.160633512965 2.5592409547849918e-17 2.9549018367705306 5.172264743076233e-19 1.4108508749701285e-20 4.702836249900428e-22
4821.309552604889 2.6834573018614415e-17 2.9648927241816523 5.423307862441763e-19 1.479328499802889e-20 4.931094999342963e-22
4836.774834184161 2.7564138797299374e-17 2.977610883375132 5.570754211633381e-19 1.5195477888573817e-20 5.065159296191272e-22
4848.2765973698615 2.655716753022448e-17 2.9870695702054784 5.367243792958487e-19 1.4640357711020333e-20 4.880119237006778e-22
4854.818770362812 2.5227244143306288e-17 2.992449646679944 5.098464261578746e-19 1.3907201432566512e-20 4.6357338108555045e-22
4869.174167101628 2.4729701156644134e-17 3.004255071629628 4.997910070178128e-19 1.3632917388793647e-20 4.544305796264549e-22
4883.4298735853135 2.5289129638352412e-17 3.0159785144616063 5.110971413886404e-19 1.3941317487434476e-20 4.647105829144826e-22
4897.685580069 2.53850316637881e-17 3.0277019572935853 5.130353358522103e-19 1.399418607577289e-20 4.664728691924297e-22
4911.941286552686 2.4905521536609588e-17 3.0394254001255634 5.033443635343585e-19 1.3729843134080763e-20 4.576614378026921e-22
4926.196993036371 2.482560318207984e-17 3.0511488429575424 5.017292014813833e-19 1.3685785977132076e-20 4.561928659044025e-22
4940.452699520057 2.505470246506512e-17 3.0628722857895205 5.063593326999123e-19 1.381208316038498e-20 4.604027720128327e-22
4954.708406003743 2.5145276600198855e-17 3.0745957286214995 5.081898496932847e-19 1.3862014604926834e-20 4.620671534975611e-22
4968.964112487429 2.5401015334694074e-17 3.0863191714534777 5.1335836826280595e-19 1.4002997507162642e-20 4.667665835720881e-22
4983.219818971114 2.5699377191605138e-17 3.098042614285456 5.193883065939136e-19 1.4167477559771074e-20 4.722492519923691e-22
4997.4755254548 2.544363845710992e-17 3.109766057117434 5.142197880243923e-19 1.4026494657535263e-20 4.675498219178421e-22
5011.7312319384855 2.477765216936197e-17 3.121489499949412 5.007601042495977e-19 1.3659351682962854e-20 4.553117227654285e-22
5025.986938422171 2.450592976396081e-17 3.133212942781391 4.9526855326948165e-19 1.3509557349337312e-20 4.503185783112438e-22
5040.242644905858 2.425551891976758e-17 3.14493638561337 4.902077121701588e-19 1.3371511590898082e-20 4.457170530299361e-22
5054.498351389543 2.4346093054901313e-17 3.156659828445348 4.920382291635311e-19 1.3421443035439936e-20 4.473814345146645e-22
5069.062622948633 2.5214792883186628e-17 3.1686370254511784 5.09594784304444e-19 1.3900337338272672e-20 4.633445779424224e-22
5081.7947893725095 2.583923431203223e-17 3.179107557049761 5.2221484018662085e-19 1.4244577584431292e-20 4.7481925281437635e-22
5086.89768430701 2.7846516983304517e-17 3.183304016699844 5.627823270838512e-19 1.5351146509792528e-20 5.117048836597509e-22
5096.966400075208 2.6084932022496743e-17 3.1915842105881644 5.27180428139229e-19 1.438002510028122e-20 4.793341700093739e-22
5110.981188442328 2.4808731529456872e-17 3.2031095299690193 5.013882228257547e-19 1.367648502177623e-20 4.558828340592077e-22
5125.776883807972 2.442068351912907e-17 3.2152770426052397 4.935457137463078e-19 1.3462563048592041e-20 4.487521016197347e-22
5140.0325902916575 2.4916177317213555e-17 3.2270004854372187 5.035597184747553e-19 1.3735717421673922e-20 4.578572473891307e-22
5154.288296775343 2.5070686135971062e-17 3.238723928269197 5.066823651105072e-19 1.382089459177471e-20 4.606964863924903e-22
5168.328007706246 2.4276386490116996e-17 3.250269743179479 4.906294489284353e-19 1.3383015404101343e-20 4.461005134700448e-22
5174.2263478014775 2.3455515699038972e-17 3.255120351810426 4.740395258757595e-19 1.2930488153134794e-20 4.310162717711598e-22
5187.400415016995 2.4174801381692552e-17 3.2659542886652915 4.885763984966542e-19 1.332701386237992e-20 4.44233795412664e-22
5200.465872322976 2.6005029845771565e-17 3.276698908160342 5.2556559304213515e-19 1.4335976861785362e-20 4.778658953928454e-22
5203.136521789371 2.7431761215180884e-17 3.2788951659452064 5.544000501730256e-19 1.5122501161935745e-20 5.040833720645248e-22
5213.903069343483 2.549158946982779e-17 3.28774923465747 5.151888852561778e-19 1.4052928951704485e-20 4.684309650568162e-22
5218.222980399146 2.6166455574745698e-17 3.291301793091403 5.288280314813028e-19 1.4424967165937857e-20 4.8083223886459525e-22
5230.021737469924 2.5505908175014352e-17 3.3010047183140827 5.154782684573356e-19 1.4060822525657785e-20 4.686940841885928e-22
5243.998449697931 2.566178596558558e-17 3.3124987250805358 5.186285822208472e-19 1.4146754378539648e-20 4.715584792846549e-22
5259.262135427938 2.542605641911337e-17 3.3250510982137653 5.138644523727377e-19 1.401680208300655e-20 4.672267361002184e-22
5272.767541570378 2.465707359936973e-17 3.3361575177387977 4.983231930819512e-19 1.359287948125081e-20 4.530959827083603e-22
5285.267999983025 2.5146697370946038e-17 3.346437499986041 5.082185636853373e-19 1.386279784327258e-20 4.620932614424193e-22
5300.733281562297 2.5459622128015893e-17 3.35915565917952 5.145428204349879e-19 1.4035306088925015e-20 4.678435362975005e-22
5314.988988045983 2.6040362170932066e-17 3.370879102011499 5.26279664686608e-19 1.4355454762752137e-20 4.785151587584045e-22
5329.244694529669 2.6125608415763804e-17 3.3826025448434773 5.280025042097817e-19 1.4402449063497406e-20 4.800816354499136e-22
5343.500401013354 2.6482577065996706e-17 3.3943259876754555 5.352168947130716e-19 1.459923769786822e-20 4.866412565956073e-22
5358.764086743361 2.679159470351177e-17 3.406878360808685 5.414621879845766e-19 1.4769592038069828e-20 4.923197346023276e-22
5371.471825098768 2.6185991172519645e-17 3.417328803535171 5.292228488720302e-19 1.4435736693191986e-20 4.811912231063995e-22
5386.267520464411 2.623749411210547e-17 3.4294963161713907 5.302637310839475e-19 1.4464129083225578e-20 4.821376361075192e-22
5400.523226948097 2.583790233945669e-17 3.441219759003369 5.221879208190704e-19 1.4243843298482125e-20 4.747947766160708e-22
5414.778933431783 2.5832574449154713e-17 3.452943201835348 5.220802433488722e-19 1.4240906154685548e-20 4.746968718228516e-22
5429.034639915469 2.6322740356937208e-17 3.464666644667326 5.319865706071212e-19 1.4511123383970848e-20 4.837041127990283e-22
5443.290346399155 2.6914136180457382e-17 3.476390087499305 5.439387697991387e-19 1.4837146345391147e-20 4.945715448463716e-22
5455.8612875711315 2.7658975244674693e-17 3.4867280325420493 5.58992080132869e-19 1.5247759048152933e-20 5.082586349384311e-22
5458.194039541189 2.899667530224521e-17 3.4886464140963724 5.860272009629212e-19 1.5985202426879073e-20 5.328400808959691e-22
5461.742537908341 3.317694437590806e-17 3.4915645870956746 6.705110722680159e-19 1.828968894627493e-20 6.096562982091643e-22
5461.433972832936 3.129898989898987e-17 3.4913108329218225 6.325573277723861e-19 1.72544156899759e-20 5.751471896658633e-22
5461.693167496276 3.007357512953364e-17 3.4915239864278584 6.07791509626764e-19 1.657887261676266e-20 5.526290872254221e-22
5464.6091074588485 3.966750719631545e-17 3.493921963370764 8.016863302129442e-19 2.1867787451262977e-20 7.2892624837543255e-22
5464.708010685648 3.5977438414689545e-17 3.494003298261224 7.271094810770901e-19 1.983353711640373e-20 6.611179038801243e-22
5462.945941702418 3.460583381308768e-17 3.4925542283736988 6.993891442754994e-19 1.9077402939719448e-20 6.359134313239816e-22
5464.673906124683 3.779795048934942e-17 3.4939752517472717 7.63902305920341e-19 2.0837143693043308e-20 6.945714564347769e-22
5473.745719341574 2.9220113701784656e-17 3.501435624458531 5.90542924869365e-19 1.6108378894848123e-20 5.369459631616041e-22
5471.585763813742 3.2749952024563385e-17 3.4996593452415645 6.618814921564049e-19 1.8054297850577653e-20 6.018099283525884e-22
5471.801759366526 3.1128497409326386e-17 3.499836973163262 6.291116487260385e-19 1.7160427088485358e-20 5.720142362828453e-22
5471.801759366526 4.003672999424291e-17 3.499836973163262 8.091483788976902e-19 2.2071331516365917e-20 7.357110505455305e-22
5471.801759366526 3.511375935521009e-17 3.499836973163262 7.09654396434409e-19 1.935741064832666e-20 6.452470216108887e-22
5478.481006460281 2.787807448740088e-17 3.5053297750495727 5.634201090227183e-19 1.5368543438433803e-20 5.122847812811268e-22
5487.589070679038 2.854447061286436e-17 3.512819959439998 5.768880756798358e-19 1.573591234714441e-20 5.245304115714804e-22
5491.241359117006 2.7670696603339063e-17 3.515823486115959 5.592289705673055e-19 1.5254220764505412e-20 5.084740254835138e-22
