tests/input/validation_ifu_sigma_noise.ecsv
# %ECSV 1.0
# ---
# datatype:
# - {name: wavelength, datatype: float64}
# - {name: fluxlim, unit: erg / (cm2 s), datatype: float64}
# - {name: redshift, datatype: float64}
# - {name: I_fiber_noise, unit: erg / (Angstrom arcsec2 cm2 s), datatype: float64}
# - {name: I_ifu_noise, unit: erg / (Angstrom arcsec2 cm2 s), datatype: float64}
# - {name: sigma_noise, unit: erg / (Angstrom arcsec2 cm2 s), datatype: float64}
# schema: astropy-2.0
wavelength fluxlim redshift I_fiber_noise I_ifu_noise sigma_noise
3517.473997784878 1.1247472654001152e-16 1.892659537652038 2.273131263714543e-18 6.200473857465785e-20 2.0668246191552617e-21
3520.497935523842 1.1114630589138363e-16 1.895146328555791 2.2462836811450863e-18 6.127241072137742e-20 2.042413690712581e-21
3521.966705282767 1.0972802149299558e-16 1.896354198423328 2.2176199385782837e-18 6.049054304272801e-20 2.0163514347576006e-21
3532.1925518816706 1.0883691915453572e-16 1.9047636117447948 2.1996106253126792e-18 5.99992987495506e-20 1.99997662498502e-21
3535.1191729430066 1.1271817014304062e-16 1.907170372486025 2.2780512958143756e-18 6.21389434527477e-20 2.0712981150915902e-21
3533.673664243612 1.1099002110919209e-16 1.9059816317792864 2.2431251420192676e-18 6.118625450334442e-20 2.0395418167781474e-21
3531.729704268564 1.1024766839378238e-16 1.9043829804840167 2.22812208117163e-18 6.077701246768771e-20 2.02590041558959e-21
3535.7354399747237 1.1827147118856965e-16 1.9076771710318452 2.390284351290355e-18 6.520035102533612e-20 2.1733450341778707e-21
3535.6176242186602 1.166609260629986e-16 1.907580283074556 2.357734990298966e-18 6.43124944148273e-20 2.143749813827577e-21
3535.6176242186602 1.1537157660991858e-16 1.907580283074556 2.3316770425109636e-18 6.36017056160551e-20 2.1200568538685034e-21
3535.876818882 1.1430325849165228e-16 1.907793436580592 2.310086171486619e-18 6.301276632564386e-20 2.1004255441881287e-21
3537.212668300751 1.2161738629821532e-16 1.9088919969578542 2.4579058025749224e-18 6.70448773295879e-20 2.2348292443195966e-21
3536.913597535359 1.1979220330619294e-16 1.908646050604736 2.421018577784114e-18 6.603869578327402e-20 2.2012898594424673e-21
3541.213872631677 1.3165246768200138e-16 1.912182461045787 2.660716317693527e-18 7.257698767044499e-20 2.4192329223481662e-21
3538.2095708520574 1.2977210296899418e-16 1.9097118181349155 2.6227138619613783e-18 7.154038570623797e-20 2.384679523541266e-21
3538.2095708520574 1.2848275351591415e-16 1.9097118181349155 2.5966559141733758e-18 7.082959690746578e-20 2.3609865635821924e-21
3538.2095708520574 1.2719340406283411e-16 1.9097118181349155 2.5705979663853733e-18 7.011880810869358e-20 2.3372936036231193e-21
3538.2095708520574 1.2590405460975408e-16 1.9097118181349155 2.544540018597371e-18 6.940801930992139e-20 2.3136006436640462e-21
3538.6955608458193 1.2450377086931492e-16 1.910111480958733 2.516240072054882e-18 6.863607498138473e-20 2.2878691660461576e-21
3537.9503761887177 1.2342247553252735e-16 1.9094986646288796 2.4943869294781256e-18 6.803998164786896e-20 2.2679993882622987e-21
3542.0974908021535 1.433136211859528e-16 1.9129091207254554 2.896389996716669e-18 7.900551429801806e-20 2.6335171432672685e-21
3542.0974908021535 1.4147976134401006e-16 1.9129091207254554 2.8593274114743947e-18 7.799454940323547e-20 2.5998183134411823e-21
3542.0974908021535 1.4019041189093003e-16 1.9129091207254554 2.833269463686392e-18 7.728376060446327e-20 2.576125353482109e-21
3542.0974908021535 1.3890106243785002e-16 1.9129091207254554 2.80721151589839e-18 7.657297180569109e-20 2.552432393523036e-21
3542.0974908021535 1.3761171298477e-16 1.9129091207254554 2.7811535681103883e-18 7.586218300691891e-20 2.5287394335639638e-21
3542.0974908021535 1.3632236353168995e-16 1.9129091207254554 2.7550956203223854e-18 7.51513942081467e-20 2.50504647360489e-21
3542.0974908021535 1.3503301407860994e-16 1.9129091207254554 2.7290376725343837e-18 7.444060540937454e-20 2.481353513645818e-21
3542.0974908021535 1.3374366462552993e-16 1.9129091207254554 2.7029797247463815e-18 7.372981661060236e-20 2.4576605536867452e-21
3542.0974908021535 1.3281128382268278e-16 1.9129091207254554 2.6841361674616686e-18 7.321581644620096e-20 2.4405272148733652e-21
3541.449504143804 1.4787322970639034e-16 1.9123762369603652 2.9885403757124223e-18 8.15191219591306e-20 2.7173040653043535e-21
3542.0974908021535 1.4655783278961172e-16 1.9129091207254554 2.961956004736784e-18 8.079397379068625e-20 2.693132459689542e-21
3542.0974908021535 1.4526848333653171e-16 1.9129091207254554 2.9358980569487818e-18 8.008318499191407e-20 2.6694394997304688e-21
3552.357279559352 1.312582037996546e-16 1.9213464470060457 2.6527481848988483e-18 7.235963902949812e-20 2.411987967649937e-21
3549.873330702346 1.4025434657455384e-16 1.9193037259065342 2.8345615933287727e-18 7.731900633002223e-20 2.577300211000741e-21
3550.5213173606953 1.3855474956822109e-16 1.9198366096716244 2.8002124803354972e-18 7.638205745891344e-20 2.546068581963781e-21
3550.5213173606953 1.3726540011514105e-16 1.9198366096716244 2.774154532547495e-18 7.567126866014126e-20 2.5223756220047087e-21
3550.5213173606953 1.3597605066206104e-16 1.9198366096716244 2.748096584759493e-18 7.496047986136908e-20 2.498682662045636e-21
3551.1693040190444 1.3478437919785073e-16 1.9203694934367141 2.7240127239251275e-18 7.430353869886752e-20 2.476784623295584e-21
3551.1693040190444 1.334950297447707e-16 1.9203694934367141 2.697954776137125e-18 7.359274990009532e-20 2.4530916633365105e-21
3549.873330702346 1.325182498560737e-16 1.9193037259065342 2.67821390660076e-18 7.305427353738913e-20 2.4351424512463045e-21
3553.27526065868 1.2954395509499136e-16 1.9221013656732566 2.618102958862527e-18 7.141461301294873e-20 2.3804871004316245e-21
3555.0572239691405 1.2802310880829016e-16 1.9235667960272536 2.587366424994406e-18 7.057620531621516e-20 2.3525401772071723e-21
3556.353197285839 1.2610080598733448e-16 1.9246325635574335 2.548516393746839e-18 6.951648383440937e-20 2.3172161278136455e-21
3557.649170602538 1.2446400197384654e-16 1.9256983310876135 2.51543633665233e-18 6.861415130090312e-20 2.2871383766967707e-21
3557.649170602538 1.2317465252076653e-16 1.9256983310876135 2.489378388864328e-18 6.790336250213093e-20 2.2634454167376976e-21
3557.649170602538 1.218853030676865e-16 1.9256983310876135 2.4633204410763253e-18 6.719257370335874e-20 2.2397524567786245e-21
3557.163180608776 1.2052583477259642e-16 1.925298668263796 2.4358453808680337e-18 6.644312999426371e-20 2.2147709998087902e-21
3558.9451439192367 1.1873588562655922e-16 1.9267640986177934 2.399670237442645e-18 6.545637205960462e-20 2.1818790686534875e-21
3558.4591539254748 1.16936168681635e-16 1.926364435793976 2.3632976853218917e-18 6.446422936131844e-20 2.148807645377281e-21
3560.1233014798718 1.1515998325221123e-16 1.9277329781906842 2.3274007086945143e-18 6.34850590481338e-20 2.1161686349377935e-21
3560.2411172359352 1.135463936178962e-16 1.927829866147973 2.294789817720155e-18 6.259552406974122e-20 2.0865174689913737e-21
3560.385114271124 1.1218820443932708e-16 1.9279482847624378 2.267340608650543e-18 6.184678550826404e-20 2.0615595169421347e-21
3562.3618008450785 1.1050873501857957e-16 1.9295738493791763 2.2333982772113495e-18 6.092093251372009e-20 2.0306977504573364e-21
3562.9770609045217 1.0872389176741507e-16 1.9300798198227973 2.1973263246949e-18 5.993698934186603e-20 1.997899644728868e-21
3564.291033850619 1.0730267702936097e-16 1.9311603896797855 2.168603359519489e-18 5.915350623412852e-20 1.9717835411376175e-21
3563.6430471922695 1.058961139896373e-16 1.9306275059146953 2.1401765073871222e-18 5.837810027183157e-20 1.9459366757277192e-21
3565.9110004964923 1.0454815774323547e-16 1.9324925990925101 2.1129341074269384e-18 5.763500289129702e-20 1.921166763043234e-21
3565.4250105027304 1.0316461880088822e-16 1.9320929362686927 2.0849725757907864e-18 5.687228958612102e-20 1.895742986204034e-21
3565.569007537919 1.0187340881468686e-16 1.9322113548831568 2.0588770263465244e-18 5.616047511808653e-20 1.872015837269551e-21
3567.0089778898064 1.0034963218831958e-16 1.9333955410278012 2.028081269869795e-18 5.532045199226487e-20 1.844015066408829e-21
3568.0169571361275 9.84090961427749e-17 1.9342244713290522 1.9888627423908826e-18 5.425067895168856e-20 1.8083559650562853e-21
3569.7841934770804 9.635253048620926e-17 1.9356777906883886 1.9472992388943172e-18 5.311694144620895e-20 1.7705647148736317e-21
3571.5160850912143 9.452932642487046e-17 1.9371020436605382 1.9104520085924393e-18 5.211185083901951e-20 1.7370616946339835e-21
3574.1728303904465 9.266563039723661e-17 1.9392868670974068 1.8727864295170544e-18 5.108443793897608e-20 1.7028145979658695e-21
3576.4906288222346 9.049717904432929e-17 1.9411929513340747 1.8289616991463227e-18 4.98890204137683e-20 1.66296734712561e-21
3577.866354343038 8.839319516407598e-17 1.9423243045584195 1.7864398661649924e-18 4.8729142328499155e-20 1.6243047442833052e-21
3582.2726636198136 8.690618098079237e-17 1.9459479141610307 1.756387084232631e-18 4.7909385494873874e-20 1.5969795164957959e-21
3592.640450153403 8.522745154480904e-17 1.9544740544024695 1.7224597079976322e-18 4.698394043696835e-20 1.566131347898945e-21
3593.4504334763396 8.331784686240642e-17 1.955140159108832 1.6838663080540376e-18 4.5931219147877716e-20 1.5310406382625905e-21
3595.5563901159753 8.189663212435233e-17 1.9568720313453745 1.6551433428786266e-18 4.514773604014021e-20 1.5049245346713403e-21
3596.8163641738765 8.035820379965456e-17 1.9579081942219378 1.624051473358851e-18 4.429963576887793e-20 1.4766545256292644e-21
3602.2306526969733 7.912355402034158e-17 1.9623607341258005 1.5990990142648854e-18 4.36190016464173e-20 1.4539667215472434e-21
3604.160212968503 7.731390647988228e-17 1.963947543559624 1.5625257633038458e-18 4.26213844384436e-20 1.4207128146147868e-21
3610.7030782548914 7.609822251007483e-17 1.9693281893543513 1.5379566060933778e-18 4.195120573202551e-20 1.3983735244008504e-21
3614.9805616126855 8.314342188228198e-17 1.9728458565893794 1.680341152779687e-18 4.583506265453733e-20 1.5278354218179111e-21
3612.0800499038837 8.139638128135536e-17 1.9704605673551674 1.6450331975517877e-18 4.487195921723995e-20 1.4957319739079984e-21
3612.0800499038837 8.01572662225512e-17 1.9704605673551674 1.6199904944827988e-18 4.41888634885498e-20 1.4729621162849932e-21
3616.8651821501558 8.511887870333465e-17 1.9743957090050621 1.7202654344222436e-18 4.6924086718190617e-20 1.5641362239396872e-21
3617.645111793237 8.677737139760912e-17 1.975037098514175 1.7537838230413647e-18 4.783837572426245e-20 1.5946125241420817e-21
3612.857633893903 7.871721358664363e-17 1.9711000278732755 1.5908868125377574e-18 4.339499547953152e-20 1.4464998493177174e-21
3617.2639431706784 8.853710740101068e-17 1.9747236374758868 1.7893483542766836e-18 4.880847784593787e-20 1.6269492615312623e-21
3614.6719965372813 7.74278641335636e-17 1.9725921024155273 1.564828864749755e-18 4.268420668075933e-20 1.4228068893586443e-21
3628.702316357193 8.35025856674426e-17 1.9841301943726917 1.6875999072924372e-18 4.60330614164765e-20 1.5344353805492167e-21
3632.1028376468785 8.63126540011514e-17 1.9869266756964463 1.744391814052534e-18 4.758218767593494e-20 1.5860729225311647e-21
3631.5196496543645 8.481232009211283e-17 1.9864470803078653 1.7140698384446768e-18 4.675508798281821e-20 1.558502932760607e-21
3632.72922474995 8.197965841489158e-17 1.987441796669367 1.656821316789218e-18 4.519350653097024e-20 1.5064502176990081e-21
3641.887436187954 8.062559729418536e-17 1.994973220549304 1.6294555363944307e-18 4.444704367316875e-20 1.4815681224389582e-21
3640.5914628712553 8.571095758971405e-17 1.9939074530191245 1.732231438418133e-18 4.725048623650792e-20 1.5750162078835973e-21
3640.5914628712553 8.442160813663404e-17 1.9939074530191245 1.706173490630131e-18 4.6539697437735735e-20 1.5513232479245244e-21
3641.887436187954 8.298378814047207e-17 1.994973220549304 1.677114930672601e-18 4.57470602318322e-20 1.52490200772774e-21
3639.2954895545563 8.235083477259642e-17 1.9928416854889441 1.6643228472130362e-18 4.5398127548798586e-20 1.5132709182932862e-21
3645.199367997295 7.838510842448665e-17 1.9976968486819864 1.5841749168953932e-18 4.321191351621141e-20 1.4403971172070469e-21
3645.127369479701 7.650187679907886e-17 1.9976376393747541 1.5461145204292807e-18 4.217373108891385e-20 1.4057910362971283e-21
3646.783335384371 7.477753470223244e-17 1.9989994534410949 1.5112653054077504e-18 4.1223140816616495e-20 1.3741046938872166e-21
3648.4969001031172 7.314370754173862e-17 2.0004086349532213 1.4782454109632567e-18 4.032244935392993e-20 1.3440816451309976e-21
3652.579216050718 7.137182882364228e-17 2.003765802673288 1.44243547362429e-18 3.934565323198088e-20 1.3115217743993625e-21
3662.7670062903217 7.012155056611013e-17 2.012143919646646 1.4171671606177423e-18 3.865640348771694e-20 1.2885467829238978e-21
3663.43299257807 6.871010362694298e-17 2.0126916057385444 1.3886416041376943e-18 3.7878305143606474e-20 1.2626101714535492e-21
3664.955761225191 6.723028209556705e-17 2.013943882586506 1.358734186790101e-18 3.706251345410658e-20 1.2354171151368859e-21
3667.950899557117 6.584976651954197e-17 2.0164069897673658 1.3308337578453711e-18 3.630146686148181e-20 1.210048895382727e-21
3669.3908699090043 6.445622721166761e-17 2.01759117591201 1.3026701173068235e-18 3.553324058402097e-20 1.184441352800699e-21
3672.3428091303736 6.312048071387448e-17 2.020018757508531 1.275674478215844e-18 3.479687415802024e-20 1.1598958052673414e-21
3674.2867691054216 6.180496751377577e-17 2.0216174088038006 1.2490877571366888e-18 3.4071661885246986e-20 1.1357220628415661e-21
3676.2307290804697 6.06150402993667e-17 2.0232160600990703 1.2250391478550669e-18 3.341568228767883e-20 1.1138560762559608e-21
3681.8632284953524 5.922369248483235e-17 2.0278480497494673 1.1969197977289403e-18 3.264866413026251e-20 1.0882888043420838e-21
3694.071961740355 5.964656303972364e-17 2.037888126431213 1.2054660757097607e-18 3.288178297405563e-20 1.096059432468521e-21
3697.679087471833 6.482740356937246e-17 2.040854512723547 1.3101716477306421e-18 3.573786160184932e-20 1.1912620533949772e-21
3696.3183154892995 6.151286381372734e-17 2.039735456816858 1.243184297103909e-18 3.391063181106627e-20 1.130354393702209e-21
3700.021096394153 6.281802779833867e-17 2.0427805069030867 1.2695618589701196e-18 3.4630138798568e-20 1.1543379599522667e-21
3699.8174434443863 6.639806563039722e-17 2.042613029148344 1.3419149659451177e-18 3.66037315930809e-20 1.22012438643603e-21
3707.4636860129085 6.453436960276337e-17 2.048901057576405 1.3042493868697329e-18 3.557631869303747e-20 1.1858772897679157e-21
3708.9077705658015 6.260034542314333e-17 2.0500886271100343 1.2651624651877295e-18 3.4510135494879184e-20 1.1503378498293062e-21
3711.7079986250965 6.109854634427171e-17 2.0523914462377437 1.2348108782755678e-18 3.36822280872184e-20 1.1227409362406133e-21
3714.073149928072 5.958795624640182e-17 2.054336471980322 1.2042816235375787e-18 3.284947439229326e-20 1.0949824797431086e-21
3717.80987299122 5.797529265016309e-17 2.0574094350256744 1.1716894479330396e-18 3.196044991746532e-20 1.0653483305821773e-21
3720.0994258507208 5.620927461139895e-17 2.0592922909956584 1.1359979558112912e-18 3.0986884653692505e-20 1.0328961551230834e-21
3722.2377818232735 5.58019573978123e-17 2.061050807420455 1.1277660132146267e-18 3.076234001044402e-20 1.0254113336814674e-21
3732.994360351873 6.294235792417137e-17 2.0698966779209482 1.2720745896496768e-18 3.469867914702103e-20 1.1566226382340343e-21
3730.6616083818153 5.911742742001808e-17 2.0679782963666242 1.1947721646694897e-18 3.259008263585821e-20 1.0863360878619404e-21
3728.0696617484177 5.739899251583187e-17 2.0658467613062648 1.160042334906584e-18 3.164274886346866e-20 1.0547582954489553e-21
3733.4155516798 6.517171848013816e-17 2.0702430523682565 1.3171303042422114e-18 3.592767451970327e-20 1.1975891506567756e-21
3733.685546120779 6.117424678564574e-17 2.070465087270377 1.2363407956646362e-18 3.3723960005328134e-20 1.1241320001776044e-21
3736.8020533823637 6.798937960906871e-17 2.073028004426286 1.3740756625440764e-18 3.748098651312397e-20 1.2493662171041324e-21
3738.344878759386 6.619210461386624e-17 2.0742967752955477 1.3377524625971642e-18 3.649019000574456e-20 1.2163396668581519e-21
3745.5653015238504 6.375573649148777e-17 2.0802346229636925 1.2885130937250302e-18 3.514707610676595e-20 1.171569203558865e-21
3744.5573222775292 6.190357576920614e-17 2.079405692662442 1.2510806449184556e-18 3.4126022356148765e-20 1.1375340785382922e-21
