tests/input/validation_fluxlimits_wavedep_sensitivity.ecsv
# %ECSV 1.0
# ---
# datatype:
# - {name: redshift, datatype: float64}
# - {name: min_flux, unit: erg / (cm2 s), datatype: float64}
# schema: astropy-2.0
redshift min_flux
1.892659537652038 1.3437362426940795e-17
1.895146328555791 1.327865593117799e-17
1.896354198423328 1.3109213407760642e-17
1.9047636117447948 1.3002753357136557e-17
1.907170372486025 1.3466446649014974e-17
1.9059816317792864 1.3259984578735305e-17
1.9043829804840167 1.3171295654632562e-17
1.9076771710318452 1.412989986299667e-17
1.907580283074556 1.3783449281146234e-17
1.907580283074556 1.3783449281146234e-17
1.907793436580592 1.3655817250520182e-17
1.9088919969578542 1.452963654483774e-17
1.908646050604736 1.4311581821667836e-17
1.912182461045787 1.57285283286716e-17
1.9097118181349155 1.50417650689799e-17
1.9097118181349155 1.50417650689799e-17
1.9097118181349155 1.50417650689799e-17
1.9097118181349155 1.50417650689799e-17
1.910111480958733 1.487447308526354e-17
1.9094986646288796 1.4745290665550726e-17
1.9129091207254554 1.7355234547830412e-17
1.9129091207254554 1.7355234547830412e-17
1.9129091207254554 1.7355234547830412e-17
1.9129091207254554 1.7355234547830412e-17
1.9129091207254554 1.7355234547830412e-17
1.9129091207254554 1.7355234547830412e-17
1.9129091207254554 1.7355234547830412e-17
1.9129091207254554 1.7355234547830412e-17
1.9129091207254554 1.7355234547830412e-17
1.9123762369603652 1.766642375520846e-17
1.9129091207254554 1.7355234547830412e-17
1.9129091207254554 1.7355234547830412e-17
1.9213464470060457 1.568142559864574e-17
1.9193037259065342 1.583196337771487e-17
1.9198366096716244 1.6245067050509228e-17
1.9198366096716244 1.6245067050509228e-17
1.9198366096716244 1.6245067050509228e-17
1.9203694934367141 1.594865933048164e-17
1.9203694934367141 1.594865933048164e-17
1.9193037259065342 1.583196337771487e-17
1.9221013656732566 1.547662420154006e-17
1.9235667960272536 1.52949286030822e-17
1.9246325635574335 1.5065270968037202e-17
1.9256983310876135 1.4561644577596628e-17
1.9256983310876135 1.4561644577596628e-17
1.9256983310876135 1.4561644577596628e-17
1.925298668263796 1.4399228817620874e-17
1.9267640986177934 1.418538348417578e-17
1.926364435793976 1.3970371191203004e-17
1.9277329781906842 1.3758170209819616e-17
1.927829866147973 1.3565394557976331e-17
1.9279482847624378 1.340313161412921e-17
1.9295738493791763 1.3202485300190226e-17
1.9300798198227973 1.2989249968316402e-17
1.9311603896797855 1.281945735704076e-17
1.9306275059146953 1.2651415185056612e-17
1.9324925990925101 1.2490374770238472e-17
1.9320929362686927 1.2325083288569542e-17
1.9322113548831568 1.2170822352912138e-17
1.9333955410278012 1.1988776666595982e-17
1.9342244713290522 1.175694070709934e-17
1.9356777906883886 1.15112426829104e-17
1.9371020436605382 1.1293424382709734e-17
1.9392868670974068 1.1070768504830741e-17
1.9411929513340747 1.0811703489688515e-17
1.9423243045584195 1.0560340407428899e-17
1.9459479141610307 1.0382686732425963e-17
1.9544740544024695 1.0182128824511803e-17
1.955140159108832 9.953988236852773e-18
1.9568720313453745 9.784195625577129e-18
1.9579081942219378 9.600399499969467e-18
1.9623607341258005 9.452895815672273e-18
1.963947543559624 9.236697113846372e-18
1.9693281893543513 9.091459275965401e-18
1.9728458565893794 9.933149673858708e-18
1.9704605673551674 9.576393475400305e-18
1.9704605673551674 9.576393475400305e-18
1.9743957090050621 1.0169157620531188e-17
1.975037098514175 1.0367297843681427e-17
1.9711000278732755 9.404350299321298e-18
1.9747236374758868 1.0577533611136539e-17
1.9725921024155273 9.250311641669164e-18
1.9841301943726917 9.976058993136921e-18
1.9869266756964463 1.0311778028035683e-17
1.9864470803078653 1.013253304458593e-17
1.987441796669367 9.794114781562304e-18
1.994973220549304 9.914078221006538e-18
1.9939074530191245 1.0085854663479222e-17
1.9939074530191245 1.0085854663479222e-17
1.994973220549304 9.914078221006538e-18
1.9928416854889441 9.838459243613674e-18
1.9976968486819864 9.364673675380597e-18
1.9976376393747541 9.139683878446268e-18
1.9989994534410949 8.933676623162002e-18
2.0004086349532213 8.738483192834122e-18
2.003765802673288 8.526796734515204e-18
2.012143919646646 8.377425914973739e-18
2.0126916057385444 8.208800263225761e-18
2.013943882586506 8.032005894784107e-18
2.0164069897673658 7.867075614873742e-18
2.01759117591201 7.700589388926487e-18
2.020018757508531 7.541007673517933e-18
2.0216174088038006 7.383843231416688e-18
2.0232160600990703 7.241682554671174e-18
2.0278480497494673 7.075458146566664e-18
2.037888126431213 7.125978517502922e-18
2.040854512723547 7.744933850977858e-18
2.039735456816858 7.348945584589293e-18
2.0427805069030867 7.504873605286223e-18
2.042613029148344 7.932580943026822e-18
2.048901057576405 7.709925065147831e-18
2.0500886271100343 7.478867078669629e-18
2.0523914462377437 7.299447051290722e-18
2.054336471980322 7.118976760336915e-18
2.0574094350256744 6.926311742318983e-18
2.0592922909956584 6.7153254597166675e-18
2.061050807420455 6.6666632474129245e-18
2.0698966779209482 7.519727332988392e-18
2.0679782963666242 7.062762652804126e-18
2.0658467613062648 6.857461130186591e-18
2.0702430523682565 7.786069174328145e-18
2.070465087270377 7.30849098763015e-18
2.073028004426286 8.12269532093428e-18
2.0742967752955477 7.907974767843429e-18
2.0802346229636925 8.153369685661545e-18
2.079405692662442 7.395623965696e-18
2.080589878807086 7.811061557545692e-18
2.0811819718794085 7.217468144472068e-18
2.0802346229636925 8.153369685661545e-18
2.0807675067287827 7.98649447320507e-18
2.0817740649517305 7.03853435022969e-18
2.085563460614592 6.845526316835442e-18
2.0880946584987696 6.670164125995926e-18
2.0892936469702215 6.508248491532038e-18
2.0904926354416737 6.3384558802563886e-18
2.0923133216390646 6.178096191829389e-18
2.097847833725613 6.005918479062981e-18
2.1067011832964924 5.974656247505993e-18
2.113837646268187 5.835513485001144e-18
2.1224085666579526 5.720925904490246e-18
2.1281941618217863 5.55945891202964e-18
2.138039823767257 5.758435317879566e-18
2.1351216507679553 5.553383858017958e-18
2.1466167148434665 5.9999959401067735e-18
2.149989107813964 6.517525819776996e-18
2.1495095124253836 6.1602028124051526e-18
2.1495095124253836 6.1602028124051526e-18
2.145246442304664 5.777440087330155e-18
2.149822973463672 6.808757731075989e-18
2.150575279955563 6.680666761744938e-18
2.1575027689017325 6.0452572989298875e-18
2.156614629293249 6.524294185037469e-18
2.1569698851366423 6.332912822499968e-18
2.1559041176064624 6.21154903162253e-18
2.161232955257362 5.849791578045549e-18
2.1625355600164706 5.679415487006068e-18
2.165011585591636 5.510736791643195e-18
2.1681604442035307 5.3380798251632714e-18
2.1694926536162558 5.164786335304622e-18
2.17402216561952 5.007246799069486e-18
2.181094986501623 4.8213819724809624e-18
2.1894757948071284 4.6799146515587026e-18
2.194681659281468 4.502043089706895e-18
2.200192679416159 4.4579978480472334e-18
2.204929423994736 4.626351209238756e-18
2.2077004195732037 4.8083968955549145e-18
2.2126435508798474 5.203295999717656e-18
2.211560866404744 4.999467068885035e-18
2.214521331766355 5.492468570673706e-18
2.220276476429326 4.914823604478205e-18
2.2214488207125234 5.42735222902985e-18
2.2226922161644005 5.007246799069486e-18
2.2214488207125234 5.42735222902985e-18
2.226495543428964 4.648097843260233e-18
2.2315736122492322 4.811197598421316e-18
2.232348715907545 4.42832878611653e-18
2.240017770372965 4.670623858396117e-18
2.241667057682112 4.916635823979996e-18
2.2443628226113908 4.750982486793665e-18
2.2379682174303115 4.398093925626958e-18
2.250490985909925 4.609897079898641e-18
2.2491587764972003 4.832202869919334e-18
2.255553381678279 4.3870911643660915e-18
2.260197083059777 4.228551377107241e-18
2.2630137543895383 4.071011840872102e-18
2.270355708486333 4.484059944165143e-18
2.270207685218252 4.321074596800891e-18
2.272834040917624 4.563135344539959e-18
2.2820909931797577 4.413497791392169e-18
2.292766431273726 4.455858422246509e-18
2.2960525478251137 4.612522738835894e-18
2.2997827341807433 4.7360878397314334e-18
2.310440409482542 4.659492859824518e-18
2.3157100378262085 4.4875608227481435e-18
2.318433665958891 4.4085965613759676e-18
2.3269878527142813 4.775083271986128e-18
2.325953247977382 4.594921099293572e-18
2.327936759769661 4.978072810877794e-18
2.3285584574955993 5.0702626135635405e-18
2.336833828906408 4.5187712697234154e-18
2.3382323473849245 4.7024010639956846e-18
2.3349530626766786 4.909222198745399e-18
2.3494297382949547 4.619816235883818e-18
2.359465715870815 4.546131077136801e-18
2.362130134696265 4.3875912898779485e-18
2.36659816011125 4.190734194172169e-18
2.3700168144195963 4.006695700047217e-18
2.377583763883873 3.9296127188832774e-18
2.388733331891908 4.012458684791548e-18
2.39889911448747 4.131390629939999e-18
2.410622557319448 4.037238659247839e-18
2.4129063448841195 3.967985985429441e-18
2.421339441928479 4.249112092594717e-18
2.427018980860677 4.420176390535131e-18
2.4344569948125616 4.242145697838638e-18
2.437654297403101 4.05500782449266e-18
2.443661350755024 3.868294300065834e-18
2.452826951514571 3.703052830948088e-18
2.4649767013586215 3.676912937528332e-18
2.4757866291647312 3.530376162554062e-18
2.4801342840100675 3.476973871787937e-18
2.4911412942245366 3.6265002859330905e-18
2.5033443324450957 3.613260599655551e-18
2.5140686182175305 3.515872522710192e-18
2.526791218109053 3.458585418624689e-18
2.539380597059302 3.3570201570064284e-18
2.539846870353756 3.2716862415457317e-18
2.5502381037730095 3.613897123034278e-18
2.5506644107850813 3.4472553024833324e-18
2.557432034601723 3.519373401293196e-18
2.563027314135168 3.3637434351942443e-18
2.5716503423338954 3.283541489474539e-18
2.5778592455968377 3.461608904673646e-18
2.583966511492819 3.609366574279805e-18
2.585171595040016 3.842621190457142e-18
2.585662186442797 4.1430299145795945e-18
2.5854084322689452 4.37242081601827e-18
2.5854084322689452 4.37242081601827e-18
2.5938161538959195 3.5267641449684264e-18
2.591803037450024 3.984990252832599e-18
2.591803037450024 3.984990252832599e-18
2.591803037450024 3.984990252832599e-18
2.606149908048599 3.382839136556077e-18
2.6113421088366544 3.3665017031687297e-18
2.6197589395878187 3.5384935843234416e-18
2.6247352541325815 3.745530157755194e-18
2.6344337386572185 3.836043782210287e-18
2.6454193424298413 3.700072595846661e-18
2.657880624321175 3.586526617748981e-18
2.6632982759329225 3.4394366736479616e-18
2.671868823154785 3.4125966045116038e-18
2.6823932775153114 3.4331244834755745e-18
2.69411672034729 3.472588932956702e-18
2.705840163179269 3.484046353773802e-18
2.717563606011247 3.476408073229069e-18
2.7292870488432253 3.589709234642621e-18
2.7410104916752043 3.582070954097888e-18
2.7527339345071824 3.4420358107777674e-18
2.764457377339161 3.3974791742668178e-18
2.776180820171139 3.3611973416793325e-18
2.7879042630031172 3.256807507567968e-18
2.799627705835096 3.23580223606995e-18
2.811351148667075 3.1638750942737042e-18
2.8235186613032943 3.128441959524523e-18
2.834124917996181 3.2446465609112196e-18
2.8465214771630096 3.2746301621723465e-18
2.8582449199949886 3.2128873944357465e-18
2.8699683628269668 3.1536907202140627e-18
2.881691805658945 3.156236813728972e-18
2.8938415555029953 3.2259997760375438e-18
2.9021053529677743 3.2718882153101366e-18
2.907851554126996 3.1091340837031146e-18
2.91899366921524 2.9913772586384653e-18
2.930717112047218 3.025112997711041e-18
2.9424405548791968 3.0238399509535845e-18
2.9549018367705306 3.0575267266893337e-18
2.9648927241816523 3.2059280721616555e-18
2.977610883375132 3.2930893401554536e-18
2.9870695702054784 3.172786421575895e-18
2.992449646679944 3.0139003935780666e-18
3.004255071629628 2.9544589026722535e-18
3.0159785144616063 3.021293857438675e-18
3.0277019572935853 3.032751278255774e-18
3.0394254001255634 2.9754641741702707e-18
3.0511488429575424 2.965916323489354e-18
3.0628722857895205 2.9932868287746493e-18
3.0745957286214995 3.0041077262130235e-18
3.0863191714534777 3.03466084839196e-18
3.098042614285456 3.070306157600717e-18
3.109766057117434 3.0397530354217806e-18
3.121489499949412 2.960187613080802e-18
3.133212942781391 2.927724920765683e-18
3.14493638561337 2.8978083219654746e-18
3.156659828445348 2.9086292194038488e-18
3.1686370254511784 3.0124128407735663e-18
3.179107557049761 3.0870148962923247e-18
3.183304016699844 3.32682507922803e-18
3.1915842105881644 3.1163684167190385e-18
3.2031095299690193 2.96390066612338e-18
3.2152770426052397 2.9175405467060367e-18
3.2270004854372187 2.976737220927727e-18
3.238723928269197 2.9951963989108317e-18
3.250269743179479 2.90030137186549e-18
3.255120351810426 2.802231888482651e-18
3.2659542886652915 2.888164992777751e-18
3.276698908160342 3.106822498801418e-18
3.2788951659452064 3.2772741823609114e-18
3.28774923465747 3.045481745830332e-18
3.291301793091403 3.126108040469189e-18
3.3010047183140827 3.047192402410661e-18
3.3124987250805358 3.0658151315396916e-18
3.3250510982137653 3.037652508271978e-18
3.3361575177387977 2.9457820839832795e-18
3.346437499986041 3.0042774657806827e-18
3.35915565917952 3.0416626055579657e-18
3.370879102011499 3.111043653839295e-18
3.3826025448434773 3.12122802789894e-18
3.3943259876754555 3.1638750942737042e-18
3.406878360808685 3.2007934502399202e-18
3.417328803535171 3.1284419595245255e-18
3.4294963161713907 3.134595018852226e-18
3.441219759003369 3.0868557654476373e-18
3.452943201835348 3.0862192420689104e-18
3.464666644667326 3.144779392911871e-18
3.476390087499305 3.2154334879506593e-18
3.4867280325420493 3.30441945629681e-18
3.4886464140963724 3.4642345636108978e-18
3.4915645870956746 3.963651564326675e-18
3.4913108329218225 3.7392922286436596e-18
3.4915239864278584 3.59289185153626e-18
3.493921963370764 4.739079499611453e-18
3.494003298261224 4.298226757627608e-18
3.4925542283736988 4.134361072374064e-18
3.4939752517472717 4.51572344601586e-18
3.501435624458531 3.490928762806297e-18
3.4996593452415645 3.9126387621172034e-18
3.499836973163262 4.1950429678127805e-18
3.499836973163262 4.1950429678127805e-18
3.499836973163262 4.1950429678127805e-18
3.5053297750495727 3.330595256163571e-18
3.512819959439998 3.4102096418413748e-18
3.515823486115959 3.3058198077300125e-18
